"lambda"	"resv"
400	0.018891
401	0.018895
402	0.018898
403	0.018903
404	0.018907
405	0.018913
406	0.018878
407	0.018844
408	0.018815
409	0.018781
410	0.018746
411	0.018722
412	0.018699
413	0.01867
414	0.018647
415	0.018625
416	0.018602
417	0.018585
418	0.018563
419	0.018546
420	0.018522
421	0.018509
422	0.018495
423	0.018476
424	0.018463
425	0.018451
426	0.018437
427	0.018423
428	0.018415
429	0.018401
430	0.018386
431	0.018376
432	0.018361
433	0.018352
434	0.018338
435	0.01833
436	0.018321
437	0.018314
438	0.018306
439	0.018298
440	0.018292
441	0.018282
442	0.018272
443	0.018269
444	0.018261
445	0.018255
446	0.018255
447	0.018256
448	0.018255
449	0.018263
450	0.018274
451	0.018289
452	0.018308
453	0.01833
454	0.018354
455	0.018379
456	0.018406
457	0.018441
458	0.01847
459	0.018503
460	0.018529
461	0.018555
462	0.018581
463	0.0186
464	0.018627
465	0.01865
466	0.018676
467	0.018701
468	0.018718
469	0.018741
470	0.018762
471	0.018779
472	0.018789
473	0.018806
474	0.018816
475	0.01883
476	0.018844
477	0.018866
478	0.018882
479	0.018904
480	0.018929
481	0.018964
482	0.019001
483	0.019049
484	0.019103
485	0.019174
486	0.019259
487	0.019355
488	0.019475
489	0.019612
490	0.019772
491	0.019955
492	0.020159
493	0.020401
494	0.020666
495	0.020974
496	0.021317
497	0.021709
498	0.022158
499	0.022653
500	0.023215
501	0.023842
502	0.024538
503	0.02532
504	0.026181
505	0.027132
506	0.028185
507	0.029345
508	0.030617
509	0.032004
510	0.033518
511	0.035175
512	0.03697
513	0.038915
514	0.041003
515	0.043225
516	0.045568
517	0.04803
518	0.050577
519	0.053206
520	0.05588
521	0.058584
522	0.061292
523	0.063964
524	0.066535
525	0.068999
526	0.071311
527	0.073442
528	0.075364
529	0.077082
530	0.078595
531	0.079898
532	0.080988
533	0.081853
534	0.082533
535	0.083032
536	0.083366
537	0.083549
538	0.083634
539	0.083604
540	0.083503
541	0.083344
542	0.08314
543	0.082938
544	0.082736
545	0.08255
546	0.082377
547	0.082214
548	0.082044
549	0.081851
550	0.081631
551	0.081355
552	0.081036
553	0.080607
554	0.080112
555	0.079518
556	0.07884
557	0.078062
558	0.077192
559	0.076248
560	0.075245
561	0.074144
562	0.072972
563	0.071714
564	0.070389
565	0.068959
566	0.067481
567	0.06594
568	0.064375
569	0.062768
570	0.061175
571	0.059604
572	0.05808
573	0.05662
574	0.055234
575	0.053929
576	0.052712
577	0.051566
578	0.050511
579	0.049517
580	0.04859
581	0.047699
582	0.046862
583	0.046091
584	0.045361
585	0.044667
586	0.044036
587	0.043445
588	0.042904
589	0.042394
590	0.041939
591	0.041519
592	0.041135
593	0.040781
594	0.04046
595	0.040165
596	0.039885
597	0.039602
598	0.039335
599	0.03906
600	0.038772
601	0.038461
602	0.038131
603	0.03779
604	0.03741
605	0.037001
606	0.036567
607	0.036095
608	0.035607
609	0.035092
610	0.03458
611	0.034071
612	0.033551
613	0.033029
614	0.032511
615	0.032024
616	0.031557
617	0.031111
618	0.03069
619	0.030321
620	0.029994
621	0.029698
622	0.029442
623	0.029221
624	0.029029
625	0.028869
626	0.028734
627	0.028633
628	0.028541
629	0.028462
630	0.02837
631	0.028272
632	0.028142
633	0.027977
634	0.027764
635	0.027504
636	0.027194
637	0.026822
638	0.026412
639	0.025956
640	0.025479
641	0.02498
642	0.024473
643	0.023969
644	0.023474
645	0.022994
646	0.022544
647	0.022137
648	0.021761
649	0.021444
650	0.021157
651	0.020919
652	0.020696
653	0.020491
654	0.020279
655	0.020059
656	0.01982
657	0.019557
658	0.019275
659	0.018975
660	0.018666
661	0.018349
662	0.018049
663	0.017758
664	0.017498
665	0.017262
666	0.017048
667	0.01688
668	0.016731
669	0.016618
670	0.016516
671	0.016444
672	0.016381
673	0.016338
674	0.016298
675	0.016277
676	0.016256
677	0.016253
678	0.016263
679	0.016297
680	0.016348
681	0.01646
682	0.016617
683	0.016865
684	0.017205
685	0.017706
686	0.018364
687	0.019249
688	0.020397
689	0.021877
690	0.023722
691	0.025977
692	0.028694
693	0.031915
694	0.035646
695	0.039833
696	0.044534
697	0.049687
698	0.055308
699	0.061267
700	0.067598
701	0.074188
702	0.081013
703	0.087984
704	0.095103
705	0.102303
706	0.109598
707	0.11696
708	0.124411
709	0.131972
710	0.139645
711	0.147407
712	0.155301
713	0.163333
714	0.171531
715	0.179847
716	0.188335
717	0.196952
718	0.205688
719	0.214569
720	0.223565
721	0.232658
722	0.241861
723	0.251141
724	0.26046
725	0.269806
726	0.279171
727	0.288468
728	0.297751
729	0.306961
730	0.316055
731	0.324976
732	0.333821
733	0.342509
734	0.350926
735	0.359039
736	0.36695
737	0.374531
738	0.381829
739	0.388857
740	0.395489
741	0.401708
742	0.407633
743	0.413152
744	0.418344
745	0.423136
746	0.427584
747	0.431619
748	0.435287
749	0.438646
750	0.441603
751	0.444606
752	0.447633
753	0.450694
754	0.45376
755	0.45685
756	0.45994
757	0.463026
758	0.466111
759	0.469168
760	0.472197
761	0.475182
762	0.478123
763	0.481007
764	0.483825
765	0.486561
766	0.489205
767	0.49175
768	0.494174
769	0.496483
770	0.498649
771	0.500663
772	0.502527
773	0.504211
774	0.50572
775	0.507019
776	0.508126
777	0.509018
778	0.509683
779	0.510102
780	0.51027
781	0.510309
782	0.510346
783	0.510387
784	0.510424
785	0.510466
786	0.510519
787	0.510557
788	0.510593
789	0.510617
790	0.510669
791	0.5107
792	0.510746
793	0.510771
794	0.510804
795	0.510834
796	0.51087
797	0.510892
798	0.510925
799	0.510949
800	0.510996
801	0.511028
802	0.511047
803	0.511087
804	0.511121
805	0.511153
806	0.511181
807	0.511216
808	0.511258
809	0.51128
810	0.511311
811	0.51134
812	0.51137
813	0.511391
814	0.511418
815	0.511441
816	0.511467
817	0.511478
818	0.511495
819	0.51152
820	0.511544
821	0.511534
822	0.511525
823	0.511535
824	0.511538
825	0.511504
826	0.511427
827	0.51141
828	0.511369
829	0.511262
830	0.511215
831	0.511176
832	0.511085
833	0.510998
834	0.510978
835	0.510969
836	0.510923
837	0.510913
838	0.510908
839	0.510889
840	0.51088
841	0.510889
842	0.5109
843	0.510897
844	0.510916
845	0.510928
846	0.510931
847	0.510954
848	0.510971
849	0.510965
850	0.510992
851	0.510994
852	0.510992
853	0.510997
854	0.51101
855	0.511011
856	0.510992
857	0.510998
858	0.511018
859	0.510993
860	0.510998
861	0.511007
862	0.510999
863	0.51101
864	0.511011
865	0.510993
866	0.510994
867	0.511009
868	0.51103
869	0.511061
870	0.511065
871	0.511041
872	0.511048
873	0.511069
874	0.511055
875	0.511054
876	0.511043
877	0.511031
878	0.511024
879	0.511022
880	0.510983
881	0.510969
882	0.510967
883	0.510946
884	0.510922
885	0.510921
886	0.510919
887	0.510899
888	0.51087
889	0.510859
890	0.510848
891	0.510804
892	0.510785
893	0.510785
894	0.510788
895	0.510767
896	0.510717
897	0.510708
898	0.510699
899	0.510656
900	0.510636
901	0.510619
902	0.510576
903	0.510544
904	0.510547
905	0.510547
906	0.510518
907	0.510454
908	0.510421
909	0.510413
910	0.510399
911	0.510355
912	0.510267
913	0.510206
914	0.510182
915	0.51016
916	0.510076
917	0.50991
918	0.509805
919	0.50975
920	0.509702
921	0.509543
922	0.50927
923	0.509083
924	0.508966
925	0.508789
926	0.50862
927	0.508493
928	0.508204
929	0.507704
930	0.507382
931	0.507171
932	0.506884
933	0.506599
934	0.506373
935	0.506036
936	0.505447
937	0.504954
938	0.504624
939	0.504362
940	0.50381
941	0.502882
942	0.502343
943	0.501997
944	0.501499
945	0.500871
946	0.50025
947	0.49975
948	0.499293
949	0.498303
950	0.496573
951	0.495474
952	0.494739
953	0.49373
954	0.49261
955	0.491611
956	0.490722
957	0.489888
958	0.489183
959	0.488649
960	0.487973
961	0.487059
962	0.486623
963	0.486505
964	0.486329
965	0.486114
966	0.485947
967	0.485825
968	0.485754
969	0.485692
970	0.485628
971	0.485569
972	0.485507
973	0.485437
974	0.485327
975	0.485316
976	0.485354
977	0.485389
978	0.485456
979	0.485563
980	0.485709
981	0.485832
982	0.485966
983	0.486109
984	0.486291
985	0.48648
986	0.486711
987	0.486944
988	0.4872
989	0.487422
990	0.487684
991	0.488025
992	0.488354
993	0.488607
994	0.488858
995	0.489176
996	0.48952
997	0.489858
998	0.490169
999	0.49049
1000	0.490823
1001	0.491189
1002	0.491548
1003	0.491856
1004	0.492174
1005	0.492523
1006	0.49288
1007	0.493262
1008	0.493642
1009	0.494019
1010	0.49441
1011	0.4948
1012	0.495186
1013	0.495534
1014	0.495876
1015	0.496232
1016	0.496587
1017	0.496924
1018	0.49729
1019	0.497724
1020	0.498158
1021	0.498568
1022	0.498953
1023	0.499345
1024	0.499737
1025	0.500098
1026	0.500447
1027	0.500817
1028	0.501216
1029	0.501637
1030	0.502002
1031	0.502243
1032	0.502427
1033	0.502656
1034	0.50299
1035	0.50335
1036	0.503665
1037	0.503942
1038	0.504245
1039	0.504541
1040	0.504799
1041	0.505051
1042	0.505322
1043	0.505561
1044	0.505748
1045	0.505908
1046	0.506101
1047	0.506367
1048	0.506629
1049	0.506829
1050	0.506997
1051	0.507171
1052	0.507358
1053	0.507552
1054	0.507727
1055	0.507848
1056	0.50795
1057	0.508032
1058	0.508126
1059	0.508241
1060	0.50839
1061	0.508544
1062	0.508653
1063	0.50873
1064	0.508792
1065	0.508867
1066	0.508942
1067	0.509024
1068	0.509102
1069	0.509144
1070	0.509179
1071	0.509194
1072	0.509223
1073	0.509245
1074	0.50924
1075	0.509216
1076	0.509144
1077	0.5091
1078	0.509104
1079	0.509113
1080	0.509102
1081	0.50903
1082	0.508926
1083	0.508797
1084	0.508679
1085	0.508595
1086	0.508531
1087	0.50846
1088	0.508364
1089	0.508227
1090	0.508063
1091	0.507913
1092	0.507823
1093	0.507761
1094	0.507664
1095	0.507514
1096	0.507278
1097	0.506983
1098	0.506724
1099	0.506582
1100	0.506492
1101	0.506343
1102	0.506102
1103	0.505865
1104	0.505703
1105	0.505575
1106	0.50542
1107	0.505154
1108	0.504911
1109	0.504738
1110	0.504616
1111	0.504437
1112	0.504153
1113	0.503937
1114	0.503907
1115	0.503962
1116	0.503906
1117	0.503642
1118	0.503323
1119	0.50308
1120	0.502856
1121	0.502541
1122	0.502086
1123	0.501651
1124	0.501364
1125	0.501078
1126	0.500575
1127	0.499742
1128	0.498864
1129	0.498196
1130	0.497529
1131	0.496576
1132	0.495116
1133	0.49348
1134	0.491997
1135	0.490666
1136	0.489409
1137	0.488105
1138	0.486514
1139	0.484332
1140	0.481529
1141	0.478837
1142	0.476888
1143	0.475233
1144	0.473131
1145	0.470208
1146	0.467299
1147	0.465234
1148	0.46379
1149	0.462531
1150	0.461085
1151	0.459455
1152	0.457745
1153	0.456106
1154	0.454732
1155	0.453775
1156	0.453169
1157	0.452722
1158	0.452225
1159	0.451729
1160	0.451235
1161	0.45071
1162	0.450282
1163	0.450116
1164	0.450039
1165	0.450013
1166	0.449873
1167	0.449733
1168	0.449643
1169	0.449603
1170	0.449563
1171	0.449283
1172	0.448804
1173	0.448372
1174	0.448292
1175	0.44841
1176	0.448592
1177	0.448571
1178	0.44845
1179	0.448334
1180	0.448213
1181	0.448138
1182	0.448008
1183	0.447844
1184	0.447666
1185	0.447492
1186	0.447412
1187	0.447328
1188	0.447249
1189	0.44712
1190	0.447041
1191	0.446899
1192	0.44681
1193	0.446673
1194	0.446585
1195	0.446448
1196	0.44636
1197	0.446325
1198	0.446336
1199	0.446542
1200	0.446896
1201	0.447211
1202	0.447136
1203	0.446958
1204	0.446835
1205	0.446908
1206	0.44713
1207	0.447342
1208	0.447366
1209	0.447292
1210	0.447263
1211	0.447391
1212	0.447559
1213	0.447633
1214	0.44751
1215	0.447347
1216	0.447381
1217	0.447572
1218	0.447873
1219	0.44811
1220	0.448054
1221	0.447891
1222	0.447773
1223	0.447714
1224	0.447753
1225	0.447792
1226	0.447634
1227	0.447472
1228	0.447314
1229	0.447255
1230	0.44725
1231	0.447289
1232	0.447235
1233	0.447191
1234	0.447186
1235	0.447225
1236	0.44718
1237	0.447082
1238	0.446889
1239	0.446643
1240	0.446496
1241	0.446358
1242	0.446309
1243	0.446362
1244	0.446269
1245	0.446273
1246	0.446122
1247	0.446063
1248	0.445917
1249	0.44581
1250	0.445708
1251	0.445694
1252	0.445587
1253	0.445535
1254	0.445331
1255	0.445069
1256	0.444783
1257	0.44454
1258	0.444346
1259	0.444157
1260	0.444108
1261	0.444104
1262	0.444051
1263	0.443853
1264	0.443655
1265	0.443409
1266	0.443208
1267	0.443011
1268	0.442819
1269	0.442666
1270	0.442369
1271	0.442025
1272	0.441634
1273	0.441152
1274	0.440668
1275	0.440232
1276	0.439891
1277	0.439603
1278	0.439353
1279	0.439014
1280	0.438577
1281	0.438056
1282	0.437533
1283	0.436932
1284	0.436411
1285	0.435933
1286	0.435508
1287	0.435217
1288	0.434834
1289	0.434407
1290	0.43398
1291	0.433454
1292	0.432934
1293	0.43241
1294	0.431802
1295	0.431192
1296	0.430481
1297	0.429772
1298	0.429115
1299	0.428545
1300	0.428377
1301	0.427212
1302	0.426877
1303	0.426407
1304	0.425727
1305	0.425237
1306	0.424043
1307	0.423397
1308	0.422486
1309	0.421627
1310	0.420892
1311	0.42015
1312	0.419137
1313	0.417804
1314	0.416736
1315	0.415458
1316	0.414379
1317	0.413203
1318	0.411849
1319	0.41052
1320	0.408594
1321	0.407292
1322	0.405723
1323	0.40423
1324	0.402997
1325	0.402356
1326	0.40096
1327	0.398783
1328	0.396652
1329	0.394663
1330	0.393528
1331	0.392391
1332	0.390994
1333	0.38928
1334	0.3868
1335	0.384396
1336	0.382352
1337	0.380243
1338	0.378403
1339	0.376997
1340	0.375929
1341	0.374447
1342	0.372546
1343	0.370996
1344	0.368845
1345	0.366262
1346	0.363567
1347	0.361192
1348	0.359029
1349	0.357527
1350	0.355398
1351	0.353831
1352	0.351804
1353	0.350057
1354	0.348212
1355	0.346748
1356	0.344895
1357	0.343523
1358	0.341898
1359	0.341553
1360	0.341466
1361	0.340652
1362	0.339002
1363	0.336963
1364	0.335453
1365	0.333882
1366	0.331676
1367	0.33041
1368	0.3282
1369	0.325723
1370	0.322977
1371	0.319384
1372	0.315515
1373	0.312299
1374	0.308159
1375	0.303415
1376	0.299583
1377	0.295095
1378	0.290822
1379	0.286247
1380	0.283063
1381	0.277564
1382	0.271861
1383	0.265284
1384	0.259926
1385	0.252637
1386	0.2455
1387	0.238647
1388	0.231265
1389	0.225828
1390	0.218678
1391	0.212355
1392	0.206002
1393	0.200129
1394	0.193573
1395	0.189061
1396	0.183701
1397	0.177773
1398	0.172652
1399	0.167735
1400	0.163113
1401	0.158735
1402	0.154148
1403	0.150309
1404	0.146869
1405	0.144081
1406	0.140796
1407	0.137802
1408	0.134971
1409	0.132044
1410	0.129423
1411	0.127169
1412	0.124977
1413	0.123038
1414	0.121156
1415	0.11934
1416	0.117674
1417	0.11614
1418	0.1146
1419	0.113288
1420	0.112051
1421	0.110833
1422	0.109668
1423	0.108578
1424	0.107579
1425	0.106408
1426	0.105519
1427	0.104714
1428	0.103998
1429	0.103311
1430	0.102598
1431	0.102022
1432	0.10137
1433	0.100942
1434	0.100361
1435	0.09989
1436	0.099482
1437	0.099066
1438	0.098683
1439	0.098386
1440	0.098101
1441	0.097822
1442	0.097615
1443	0.097485
1444	0.097349
1445	0.097273
1446	0.097161
1447	0.097071
1448	0.097039
1449	0.097029
1450	0.097037
1451	0.097081
1452	0.097099
1453	0.097138
1454	0.097211
1455	0.09732
1456	0.097465
1457	0.097622
1458	0.097881
1459	0.098079
1460	0.098244
1461	0.098632
1462	0.098988
1463	0.09938
1464	0.099936
1465	0.100458
1466	0.100973
1467	0.10174
1468	0.10238
1469	0.103041
1470	0.103884
1471	0.104564
1472	0.105238
1473	0.106223
1474	0.106924
1475	0.108019
1476	0.108877
1477	0.109752
1478	0.110732
1479	0.111624
1480	0.112759
1481	0.113553
1482	0.11451
1483	0.115341
1484	0.116414
1485	0.117296
1486	0.118138
1487	0.119284
1488	0.120249
1489	0.121538
1490	0.12244
1491	0.12371
1492	0.124726
1493	0.125898
1494	0.126925
1495	0.128263
1496	0.129428
1497	0.130708
1498	0.131936
1499	0.133016
1500	0.134371
1501	0.135333
1502	0.136674
1503	0.137918
1504	0.139299
1505	0.140673
1506	0.141715
1507	0.143077
1508	0.144029
1509	0.145412
1510	0.146827
1511	0.148041
1512	0.149456
1513	0.150455
1514	0.151853
1515	0.153295
1516	0.154395
1517	0.155851
1518	0.157214
1519	0.158289
1520	0.159581
1521	0.16104
1522	0.162091
1523	0.163549
1524	0.165026
1525	0.16611
1526	0.167464
1527	0.16876
1528	0.16985
1529	0.171017
1530	0.17222
1531	0.173672
1532	0.174669
1533	0.175974
1534	0.177279
1535	0.178549
1536	0.179584
1537	0.180827
1538	0.181901
1539	0.183283
1540	0.184385
1541	0.185357
1542	0.18663
1543	0.187824
1544	0.189151
1545	0.190106
1546	0.191078
1547	0.19239
1548	0.193535
1549	0.194665
1550	0.195736
1551	0.196692
1552	0.197598
1553	0.19878
1554	0.199729
1555	0.20086
1556	0.201985
1557	0.202975
1558	0.203609
1559	0.204477
1560	0.205302
1561	0.206145
1562	0.206988
1563	0.207914
1564	0.208643
1565	0.20961
1566	0.210344
1567	0.211331
1568	0.212058
1569	0.2129
1570	0.213742
1571	0.214551
1572	0.215404
1573	0.216308
1574	0.217215
1575	0.21783
1576	0.218856
1577	0.219474
1578	0.220234
1579	0.221073
1580	0.221771
1581	0.2227
1582	0.223569
1583	0.224503
1584	0.225158
1585	0.22603
1586	0.226877
1587	0.227601
1588	0.228166
1589	0.229056
1590	0.229727
1591	0.230656
1592	0.231526
1593	0.232634
1594	0.233593
1595	0.234489
1596	0.234983
1597	0.235824
1598	0.236477
1599	0.237355
1600	0.238165
1601	0.238883
1602	0.239466
1603	0.240494
1604	0.241102
1605	0.241957
1606	0.242552
1607	0.243197
1608	0.243665
1609	0.244347
1610	0.244764
1611	0.24543
1612	0.24602
1613	0.246782
1614	0.247318
1615	0.247941
1616	0.248421
1617	0.24894
1618	0.249351
1619	0.250108
1620	0.250443
1621	0.251026
1622	0.251632
1623	0.252254
1624	0.252933
1625	0.253449
1626	0.25372
1627	0.254349
1628	0.254588
1629	0.255134
1630	0.255492
1631	0.255876
1632	0.255916
1633	0.256478
1634	0.256937
1635	0.25753
1636	0.257624
1637	0.258178
1638	0.258393
1639	0.258818
1640	0.258787
1641	0.259426
1642	0.259665
1643	0.260176
1644	0.260373
1645	0.260745
1646	0.260959
1647	0.261307
1648	0.261287
1649	0.261808
1650	0.261729
1651	0.261732
1652	0.261502
1653	0.261841
1654	0.261213
1655	0.261262
1656	0.260978
1657	0.261106
1658	0.260464
1659	0.260148
1660	0.259846
1661	0.259558
1662	0.25903
1663	0.258789
1664	0.258258
1665	0.258037
1666	0.257425
1667	0.257091
1668	0.256487
1669	0.256107
1670	0.25616
1671	0.257679
1672	0.256955
1673	0.256706
1674	0.256222
1675	0.25575
1676	0.254974
1677	0.254683
1678	0.254097
1679	0.253593
1680	0.252803
1681	0.25241
1682	0.251552
1683	0.250899
1684	0.250375
1685	0.249764
1686	0.249
1687	0.248372
1688	0.247576
1689	0.24705
1690	0.246249
1691	0.245834
1692	0.245313
1693	0.244834
1694	0.243966
1695	0.243374
1696	0.242735
1697	0.242163
1698	0.241453
1699	0.240662
1700	0.239917
1701	0.239215
1702	0.238431
1703	0.237921
1704	0.237311
1705	0.236816
1706	0.236074
1707	0.235612
1708	0.234757
1709	0.234365
1710	0.233736
1711	0.233068
1712	0.232432
1713	0.231944
1714	0.231328
1715	0.230935
1716	0.230358
1717	0.229955
1718	0.229256
1719	0.228769
1720	0.228078
1721	0.22767
1722	0.227167
1723	0.22676
1724	0.226358
1725	0.225911
1726	0.225392
1727	0.2253
1728	0.225012
1729	0.224769
1730	0.224471
1731	0.22449
1732	0.224332
1733	0.224283
1734	0.224035
1735	0.223955
1736	0.224092
1737	0.223876
1738	0.223615
1739	0.223508
1740	0.223166
1741	0.22294
1742	0.222636
1743	0.222452
1744	0.221931
1745	0.221384
1746	0.220861
1747	0.220525
1748	0.219962
1749	0.219413
1750	0.218894
1751	0.21825
1752	0.217497
1753	0.216991
1754	0.216545
1755	0.216023
1756	0.215345
1757	0.214719
1758	0.214244
1759	0.213797
1760	0.213228
1761	0.212747
1762	0.212503
1763	0.212177
1764	0.211668
1765	0.211351
1766	0.211142
1767	0.211002
1768	0.210669
1769	0.21056
1770	0.210406
1771	0.210502
1772	0.210697
1773	0.210376
1774	0.210384
1775	0.210276
1776	0.210214
1777	0.210481
1778	0.210568
1779	0.21045
1780	0.21044
1781	0.210304
1782	0.21022
1783	0.209942
1784	0.209765
1785	0.209318
1786	0.209106
1787	0.208836
1788	0.208929
1789	0.208952
1790	0.208821
1791	0.208972
1792	0.2089
1793	0.208943
1794	0.209018
1795	0.209131
1796	0.209049
1797	0.209274
1798	0.209631
1799	0.209779
1800	0.209808
1801	0.210215
1802	0.210391
1803	0.210592
1804	0.210751
1805	0.21103
1806	0.211098
1807	0.211267
1808	0.211077
1809	0.21108
1810	0.211214
1811	0.211074
1812	0.211001
1813	0.211089
1814	0.211195
1815	0.211389
1816	0.211212
1817	0.211337
1818	0.211375
1819	0.211386
1820	0.21152
1821	0.211551
1822	0.211481
1823	0.211598
1824	0.211409
1825	0.211727
1826	0.21171
1827	0.211502
1828	0.211171
1829	0.211154
1830	0.21097
1831	0.210798
1832	0.210187
1833	0.209935
1834	0.209656
1835	0.209156
1836	0.208968
1837	0.20866
1838	0.208116
1839	0.207696
1840	0.207139
1841	0.206239
1842	0.205453
1843	0.204409
1844	0.203523
1845	0.202479
1846	0.201453
1847	0.200478
1848	0.198903
1849	0.197388
1850	0.195745
1851	0.194413
1852	0.191937
1853	0.190099
1854	0.188159
1855	0.186214
1856	0.184048
1857	0.181599
1858	0.178821
1859	0.176298
1860	0.173253
1861	0.170541
1862	0.165873
1863	0.162341
1864	0.158677
1865	0.155295
1866	0.151253
1867	0.147686
1868	0.143503
1869	0.14018
1870	0.134138
1871	0.129729
1872	0.125334
1873	0.120587
1874	0.116104
1875	0.111059
1876	0.106598
1877	0.099636
1878	0.094659
1879	0.0901
1880	0.085535
1881	0.080617
1882	0.076464
1883	0.070197
1884	0.065931
1885	0.062057
1886	0.05837
1887	0.05464
1888	0.050247
1889	0.047028
1890	0.044227
1891	0.041645
1892	0.039143
1893	0.036269
1894	0.034237
1895	0.032522
1896	0.030962
1897	0.029652
1898	0.027816
1899	0.026779
1900	0.025802
1901	0.02486
1902	0.023805
1903	0.023083
1904	0.022486
1905	0.021964
1906	0.021297
1907	0.020875
1908	0.020466
1909	0.020138
1910	0.01972
1911	0.019434
1912	0.01918
1913	0.018951
1914	0.018679
1915	0.018517
1916	0.018344
1917	0.018191
1918	0.018013
1919	0.017901
1920	0.017801
1921	0.017688
1922	0.017614
1923	0.01755
1924	0.017479
1925	0.017453
1926	0.017408
1927	0.017397
1928	0.01739
1929	0.017396
1930	0.017405
1931	0.017445
1932	0.017472
1933	0.017508
1934	0.017583
1935	0.01764
1936	0.017718
1937	0.017825
1938	0.017904
1939	0.017999
1940	0.01813
1941	0.018245
1942	0.018367
1943	0.018539
1944	0.018685
1945	0.018828
1946	0.019011
1947	0.01919
1948	0.01932
1949	0.019563
1950	0.019719
1951	0.019988
1952	0.020161
1953	0.020354
1954	0.020624
1955	0.020847
1956	0.02103
1957	0.021337
1958	0.021559
1959	0.021855
1960	0.022104
1961	0.022307
1962	0.022679
1963	0.022896
1964	0.023261
1965	0.02352
1966	0.023788
1967	0.02415
1968	0.024446
1969	0.024823
1970	0.025086
1971	0.025557
1972	0.025818
1973	0.026065
1974	0.026557
1975	0.026862
1976	0.027284
1977	0.027593
1978	0.02809
1979	0.028408
1980	0.028878
1981	0.029219
1982	0.029535
1983	0.030086
1984	0.03042
1985	0.030941
1986	0.03129
1987	0.031784
1988	0.032125
1989	0.032652
1990	0.033044
1991	0.033532
1992	0.033905
1993	0.034426
1994	0.034814
1995	0.035344
1996	0.035703
1997	0.036262
1998	0.036622
1999	0.03721
2000	0.037584
2001	0.037948
2002	0.038505
2003	0.039114
2004	0.039463
2005	0.040048
2006	0.040437
2007	0.040978
2008	0.041349
2009	0.041909
2010	0.042242
2011	0.042799
2012	0.043165
2013	0.043753
2014	0.044107
2015	0.044663
2016	0.045009
2017	0.045543
2018	0.045839
2019	0.046326
2020	0.046664
2021	0.047165
2022	0.047664
2023	0.047923
2024	0.048428
2025	0.048731
2026	0.049201
2027	0.049434
2028	0.049894
2029	0.05036
2030	0.050623
2031	0.050968
2032	0.051247
2033	0.05167
2034	0.051891
2035	0.052313
2036	0.05273
2037	0.052894
2038	0.053329
2039	0.053486
2040	0.053872
2041	0.054252
2042	0.054411
2043	0.054785
2044	0.054945
2045	0.055289
2046	0.055636
2047	0.055813
2048	0.056175
2049	0.056341
2050	0.056673
2051	0.057005
2052	0.057166
2053	0.057484
2054	0.05786
2055	0.058018
2056	0.058401
2057	0.058587
2058	0.058996
2059	0.059384
2060	0.059634
2061	0.060066
2062	0.060448
2063	0.060742
2064	0.061129
2065	0.061615
2066	0.061824
2067	0.062248
2068	0.06269
2069	0.062959
2070	0.063376
2071	0.063846
2072	0.064063
2073	0.064487
2074	0.06491
2075	0.065218
2076	0.065612
2077	0.06606
2078	0.066314
2079	0.066719
2080	0.067083
2081	0.067303
2082	0.067765
2083	0.068148
2084	0.068355
2085	0.06873
2086	0.069057
2087	0.069524
2088	0.069767
2089	0.070154
2090	0.070528
2091	0.07078
2092	0.071087
2093	0.071534
2094	0.071865
2095	0.07209
2096	0.072391
2097	0.072782
2098	0.073045
2099	0.073386
2100	0.07373
2101	0.074098
2102	0.074326
2103	0.074728
2104	0.075078
2105	0.075465
2106	0.075666
2107	0.076005
2108	0.076324
2109	0.076648
2110	0.076871
2111	0.077196
2112	0.077486
2113	0.077849
2114	0.078033
2115	0.078307
2116	0.078636
2117	0.078974
2118	0.07918
2119	0.079498
2120	0.07984
2121	0.080244
2122	0.080527
2123	0.080742
2124	0.081068
2125	0.081358
2126	0.081663
2127	0.081861
2128	0.082105
2129	0.082397
2130	0.082688
2131	0.08298
2132	0.083123
2133	0.083414
2134	0.083604
2135	0.083817
2136	0.084091
2137	0.084211
2138	0.084397
2139	0.084567
2140	0.084756
2141	0.084992
2142	0.085182
2143	0.085299
2144	0.085469
2145	0.085706
2146	0.085942
2147	0.086138
2148	0.086254
2149	0.086401
2150	0.086661
2151	0.0869
2152	0.087072
2153	0.087287
2154	0.087412
2155	0.087601
2156	0.087888
2157	0.087994
2158	0.088187
2159	0.088359
2160	0.088557
2161	0.088632
2162	0.088851
2163	0.089022
2164	0.089239
2165	0.089387
2166	0.089583
2167	0.089803
2168	0.089993
2169	0.090116
2170	0.090312
2171	0.09051
2172	0.090682
2173	0.090904
2174	0.091148
2175	0.091323
2176	0.091547
2177	0.091771
2178	0.092016
2179	0.092321
2180	0.092599
2181	0.092824
2182	0.093104
2183	0.093356
2184	0.093608
2185	0.093917
2186	0.094149
2187	0.094382
2188	0.094685
2189	0.094895
2190	0.095099
2191	0.095387
2192	0.095594
2193	0.095817
2194	0.095914
2195	0.096041
2196	0.096248
2197	0.096455
2198	0.096605
2199	0.096679
2200	0.096862
2201	0.097045
2202	0.097199
2203	0.097351
2204	0.09745
2205	0.097609
2206	0.097736
2207	0.097862
2208	0.098078
2209	0.098209
2210	0.098399
2211	0.098588
2212	0.09872
2213	0.098819
2214	0.09887
2215	0.098973
2216	0.098964
2217	0.099007
2218	0.098972
2219	0.098993
2220	0.099072
2221	0.099067
2222	0.099068
2223	0.098945
2224	0.098882
2225	0.098796
2226	0.098595
2227	0.098396
2228	0.098196
2229	0.097917
2230	0.097587
2231	0.097343
2232	0.096992
2233	0.096581
2234	0.096263
2235	0.095814
2236	0.095338
2237	0.09481
2238	0.094336
2239	0.093768
2240	0.093179
2241	0.092545
2242	0.091922
2243	0.091223
2244	0.090539
2245	0.089862
2246	0.089122
2247	0.088439
2248	0.087738
2249	0.087026
2250	0.086365
2251	0.085711
2252	0.085067
2253	0.084269
2254	0.083599
2255	0.08285
2256	0.082212
2257	0.081567
2258	0.080983
2259	0.080349
2260	0.079721
2261	0.079057
2262	0.078501
2263	0.077895
2264	0.077286
2265	0.07671
2266	0.076176
2267	0.07563
2268	0.075066
2269	0.074514
2270	0.073985
2271	0.073551
2272	0.073133
2273	0.072683
2274	0.07216
2275	0.07177
2276	0.071299
2277	0.070919
2278	0.070552
2279	0.070173
2280	0.069863
2281	0.069476
2282	0.069026
2283	0.068691
2284	0.068232
2285	0.067808
2286	0.067403
2287	0.066882
2288	0.066449
2289	0.065997
2290	0.065515
2291	0.065186
2292	0.064742
2293	0.064421
2294	0.064028
2295	0.063696
2296	0.063308
2297	0.062973
2298	0.062481
2299	0.062179
2300	0.061816
2301	0.061488
2302	0.061091
2303	0.06083
2304	0.06053
2305	0.060329
2306	0.059848
2307	0.059662
2308	0.059484
2309	0.059281
2310	0.059092
2311	0.058994
2312	0.058813
2313	0.05873
2314	0.058387
2315	0.058367
2316	0.058191
2317	0.05807
2318	0.057932
2319	0.057858
2320	0.057673
2321	0.057532
2322	0.057171
2323	0.057058
2324	0.056853
2325	0.056635
2326	0.056467
2327	0.056315
2328	0.055842
2329	0.055659
2330	0.055403
2331	0.05516
2332	0.054884
2333	0.054602
2334	0.054313
2335	0.053857
2336	0.053603
2337	0.053353
2338	0.053078
2339	0.052835
2340	0.052332
2341	0.052142
2342	0.051849
2343	0.051636
2344	0.051398
2345	0.051199
2346	0.050812
2347	0.050638
2348	0.05045
2349	0.050314
2350	0.050123
2351	0.049752
2352	0.049672
2353	0.049532
2354	0.049292
2355	0.04915
2356	0.04904
2357	0.048669
2358	0.04856
2359	0.048484
2360	0.048288
2361	0.048153
2362	0.047741
2363	0.047643
2364	0.047525
2365	0.047401
2366	0.047035
2367	0.046862
2368	0.046646
2369	0.04643
2370	0.046281
2371	0.045885
2372	0.045713
2373	0.045509
2374	0.045392
2375	0.044951
2376	0.04488
2377	0.044659
2378	0.044426
2379	0.044323
2380	0.043904
2381	0.043719
2382	0.043471
2383	0.043314
2384	0.042911
2385	0.042697
2386	0.042514
2387	0.04235
2388	0.041943
2389	0.04172
2390	0.041506
2391	0.041294
2392	0.040878
2393	0.040656
2394	0.040439
2395	0.040256
2396	0.039873
2397	0.039699
2398	0.039484
2399	0.039306
2400	0.038887
2401	0.038702
2402	0.038452
2403	0.038286
2404	0.03781
2405	0.037607
2406	0.037386
2407	0.03699
2408	0.036768
2409	0.036567
2410	0.036383
2411	0.036019
2412	0.035747
2413	0.035495
2414	0.035072
2415	0.034852
2416	0.03459
2417	0.034345
2418	0.033934
2419	0.033691
2420	0.033428
2421	0.032999
2422	0.032738
2423	0.032489
2424	0.03226
2425	0.0318
2426	0.031575
2427	0.031325
2428	0.030912
2429	0.03067
2430	0.030381
2431	0.029994
2432	0.029741
2433	0.029485
2434	0.02927
2435	0.028835
2436	0.028601
2437	0.02836
2438	0.027977
2439	0.027732
2440	0.027511
2441	0.027109
2442	0.026906
2443	0.026671
2444	0.026242
2445	0.025976
2446	0.025747
2447	0.025371
2448	0.025126
2449	0.024906
2450	0.02454
2451	0.02431
2452	0.024105
2453	0.023701
2454	0.023498
2455	0.023305
2456	0.022935
2457	0.022759
2458	0.022557
2459	0.022225
2460	0.022046
2461	0.021849
2462	0.021535
2463	0.02139
2464	0.021236
2465	0.020961
2466	0.020778
2467	0.020489
2468	0.020302
2469	0.020182
2470	0.019905
2471	0.019793
2472	0.01966
2473	0.01938
2474	0.019248
2475	0.019138
2476	0.01893
2477	0.018834
2478	0.018643
2479	0.018515
2480	0.018404
2481	0.018242
2482	0.018161
2483	0.018119
2484	0.017946
2485	0.017812
2486	0.017522
2487	0.017494
2488	0.0174
2489	0.01716
2490	0.017116
2491	0.01702
2492	0.016897
2493	0.016832
2494	0.016744
2495	0.016708
2496	0.016703
2497	0.016589
2498	0.016594
2499	0.016463
2500	0.016498
